#<E_nui>	flujo nu_mu
0.025	2.27E-012
0.075	8.57E-012
0.125	1.11E-011
0.175	1.34E-011
0.225	1.66E-011
0.275	1.82E-011
0.325	1.95E-011
0.375	2.05E-011
0.425	2.16E-011
0.475	2.24E-011
0.525	2.28E-011
0.575	2.29E-011
0.625	2.28E-011
0.675	2.25E-011
0.725	2.21E-011
0.775	2.16E-011
0.825	2.08E-011
0.875	1.99E-011
0.925	1.89E-011
0.975	1.79E-011
1.025	1.68E-011
1.075	1.56E-011
1.125	1.44E-011
1.175	1.32E-011
1.225	1.19E-011
1.275	1.07E-011
1.325	9.50E-012
1.375	8.36E-012
1.425	7.28E-012
1.475	6.29E-012
1.525	5.40E-012
1.575	4.60E-012
1.625	3.90E-012
1.675	3.29E-012
1.725	2.76E-012
1.775	2.31E-012
1.825	1.93E-012
1.875	1.62E-012
1.925	1.36E-012
1.975	1.14E-012
2.025	9.59E-013
2.075	8.15E-013
2.125	6.93E-013
2.175	5.94E-013
2.225	5.15E-013
2.275	4.48E-013
2.325	3.94E-013
2.375	3.50E-013
2.425	3.15E-013
2.475	2.87E-013