  4.99999988824129105E-003  4.53999989852309182E-013
  9.99999977648258209E-003  9.07999979704618364E-013
  1.49999996647238731E-002  1.36199996955692745E-012
  1.99999995529651642E-002  1.81599995940923673E-012
  2.49999994412064552E-002  2.26999994926154561E-012
  2.99999998882412924E-002  2.89999998591840255E-012
  3.49999997764825835E-002  3.52999997183680529E-012
  3.99999996647238745E-002  4.15999995775520762E-012
  4.49999995529651656E-002  4.78999994367361075E-012
  4.99999994412064566E-002  5.41999992959201308E-012
  5.49999993294477477E-002  6.04999991551041622E-012
  5.99999992176890387E-002  6.67999990142881855E-012
  6.49999991059303228E-002  7.30999988734722088E-012
  6.99999989941716139E-002  7.93999987326562321E-012
  7.49999988824129049E-002  8.56999985918402554E-012
  7.99999998882412883E-002  8.82299999434500869E-012
  8.49999997764825793E-002  9.07599998869001815E-012
  8.99999996647238704E-002  9.32899998303502761E-012
  9.49999995529651614E-002  9.58199997738003707E-012
  9.99999994412064525E-002  9.83499997172504653E-012
  0.10499999932944774       1.00879999660700560E-011
  0.10999999921768903       1.03409999604150655E-011
  0.11499999910593033       1.05939999547600749E-011
  0.11999999899417162       1.08469999491050844E-011
  0.12499999888241291       1.10999999434500938E-011
  0.12999999988824129       1.13299999948590995E-011
  0.13499999977648258       1.15599999897181999E-011
  0.13999999966472387       1.17899999845772987E-011
  0.14499999955296516       1.20199999794363991E-011
  0.14999999944120646       1.22499999742954979E-011
  0.15499999932944775       1.24799999691545967E-011
  0.15999999921768904       1.27099999640136970E-011
  0.16499999910593033       1.29399999588727958E-011
  0.16999999899417162       1.31699999537318946E-011
  0.17499999888241291       1.33999999485909950E-011
  0.17999999988824128       1.37199999928474425E-011
  0.18499999977648257       1.40399999856948846E-011
  0.18999999966472386       1.43599999785423268E-011
  0.19499999955296515       1.46799999713897690E-011
  0.19999999944120644       1.49999999642372112E-011
  0.20499999932944774       1.53199999570846534E-011
  0.20999999921768903       1.56399999499320989E-011
  0.21499999910593032       1.59599999427795411E-011
  0.21999999899417161       1.62799999356269833E-011
  0.22499999888241290       1.65999999284744255E-011
  0.22999999988824130       1.67599999964237223E-011
  0.23499999977648259       1.69199999928474417E-011
  0.23999999966472388       1.70799999892711645E-011
  0.24499999955296517       1.72399999856948839E-011
  0.24999999944120646       1.73999999821186067E-011
  0.25499999932944772       1.75599999785423261E-011
  0.25999999921768902       1.77199999749660488E-011
  0.26499999910593031       1.78799999713897683E-011
  0.26999999899417160       1.80399999678134910E-011
  0.27499999888241289       1.81999999642372105E-011
  0.27999999988824131       1.83299999970942725E-011
  0.28499999977648260       1.84599999941885490E-011
  0.28999999966472390       1.85899999912828223E-011
  0.29499999955296519       1.87199999883770956E-011
  0.29999999944120648       1.88499999854713689E-011
  0.30499999932944777       1.89799999825656422E-011
  0.30999999921768906       1.91099999796599155E-011
  0.31499999910593035       1.92399999767541888E-011
  0.31999999899417164       1.93699999738484620E-011
  0.32499999888241293       1.94999999709427386E-011
  0.32999999988824130       1.95999999977648244E-011
  0.33499999977648259       1.96999999955296515E-011
  0.33999999966472388       1.97999999932944786E-011
  0.34499999955296518       1.98999999910593025E-011
  0.34999999944120647       1.99999999888241296E-011
  0.35499999932944776       2.00999999865889567E-011
  0.35999999921768905       2.01999999843537805E-011
  0.36499999910593034       2.02999999821186076E-011
  0.36999999899417163       2.03999999798834315E-011
  0.37499999888241292       2.04999999776482586E-011
  0.37999999988824129       2.06099999975413095E-011
  0.38499999977648258       2.07199999950826186E-011
  0.38999999966472387       2.08299999926239246E-011
  0.39499999955296516       2.09399999901652337E-011
  0.39999999944120646       2.10499999877065429E-011
  0.40499999932944775       2.11599999852478520E-011
  0.40999999921768904       2.12699999827891580E-011
  0.41499999910593033       2.13799999803304671E-011
  0.41999999899417162       2.14899999778717763E-011
  0.42499999888241291       2.15999999754130822E-011
  0.42999999988824128       2.16799999982118582E-011
  0.43499999977648257       2.17599999964237211E-011
  0.43999999966472386       2.18399999946355809E-011
  0.44499999955296515       2.19199999928474406E-011
  0.44999999944120644       2.19999999910593036E-011
  0.45499999932944774       2.20799999892711633E-011
  0.45999999921768903       2.21599999874830263E-011
  0.46499999910593032       2.22399999856948861E-011
  0.46999999899417161       2.23199999839067458E-011
  0.47499999888241290       2.23999999821186088E-011
  0.47999999988824127       2.24399999991059330E-011
  0.48499999977648256       2.24799999982118612E-011
  0.48999999966472385       2.25199999973177927E-011
  0.49499999955296514       2.25599999964237242E-011
  0.49999999944120643       2.25999999955296525E-011
  0.50499999932944772       2.26399999946355839E-011
  0.50999999921768902       2.26799999937415122E-011
  0.51499999910593031       2.27199999928474437E-011
  0.51999999899417160       2.27599999919533752E-011
  0.52499999888241289       2.27999999910593034E-011
  0.52999999988824131       2.28099999997764867E-011
  0.53499999977648260       2.28199999995529688E-011
  0.53999999966472390       2.28299999993294508E-011
  0.54499999955296519       2.28399999991059329E-011
  0.54999999944120648       2.28499999988824149E-011
  0.55499999932944777       2.28599999986588970E-011
  0.55999999921768906       2.28699999984353791E-011
  0.56499999910593035       2.28799999982118611E-011
  0.56999999899417164       2.28899999979883464E-011
  0.57499999888241293       2.28999999977648285E-011
  0.57999999988824125       2.28900000002235177E-011
  0.58499999977648254       2.28800000004470356E-011
  0.58999999966472383       2.28700000006705536E-011
  0.59499999955296512       2.28600000008940715E-011
  0.59999999944120641       2.28500000011175894E-011
  0.60499999932944770       2.28400000013411074E-011
  0.60999999921768899       2.28300000015646253E-011
  0.61499999910593028       2.28200000017881400E-011
  0.61999999899417158       2.28100000020116580E-011
  0.62499999888241287       2.28000000022351759E-011
  0.62999999988824129       2.27700000006705552E-011
  0.63499999977648258       2.27400000013411058E-011
  0.63999999966472387       2.27100000020116596E-011
  0.64499999955296516       2.26800000026822102E-011
  0.64999999944120646       2.26500000033527607E-011
  0.65499999932944775       2.26200000040233146E-011
  0.65999999921768904       2.25900000046938651E-011
  0.66499999910593033       2.25600000053644189E-011
  0.66999999899417162       2.25300000060349695E-011
  0.67499999888241291       2.25000000067055233E-011
  0.67999999988824134       2.24600000008940684E-011
  0.68499999977648263       2.24200000017881369E-011
  0.68999999966472392       2.23800000026822086E-011
  0.69499999955296521       2.23400000035762771E-011
  0.69999999944120650       2.23000000044703457E-011
  0.70499999932944779       2.22600000053644174E-011
  0.70999999921768908       2.22200000062584859E-011
  0.71499999910593037       2.21800000071525544E-011
  0.71999999899417166       2.21400000080466262E-011
  0.72499999888241295       2.21000000089406947E-011
  0.72999999988824127       2.20500000011175864E-011
  0.73499999977648256       2.20000000022351728E-011
  0.73999999966472385       2.19500000033527593E-011
  0.74499999955296514       2.19000000044703457E-011
  0.74999999944120643       2.18500000055879322E-011
  0.75499999932944772       2.18000000067055186E-011
  0.75999999921768902       2.17500000078231083E-011
  0.76499999910593031       2.17000000089406948E-011
  0.76999999899417160       2.16500000100582812E-011
  0.77499999888241289       2.16000000111758677E-011
  0.77999999988824131       2.15200000017881355E-011
  0.78499999977648260       2.14400000035762757E-011
  0.78999999966472390       2.13600000053644160E-011
  0.79499999955296519       2.12800000071525530E-011
  0.79999999944120648       2.12000000089406933E-011
  0.80499999932944777       2.11200000107288335E-011
  0.80999999921768906       2.10400000125169706E-011
  0.81499999910593035       2.09600000143051108E-011
  0.81999999899417164       2.08800000160932511E-011
  0.82499999888241293       2.08000000178813881E-011
  0.82999999988824125       2.07100000020116568E-011
  0.83499999977648254       2.06200000040233150E-011
  0.83999999966472383       2.05300000060349700E-011
  0.84499999955296512       2.04400000080466282E-011
  0.84999999944120641       2.03500000100582864E-011
  0.85499999932944770       2.02600000120699413E-011
  0.85999999921768899       2.01700000140815995E-011
  0.86499999910593028       2.00800000160932545E-011
  0.86999999899417158       1.99900000181049127E-011
  0.87499999888241287       1.99000000201165709E-011
  0.87999999988824129       1.98000000022351733E-011
  0.88499999977648258       1.97000000044703495E-011
  0.88999999966472387       1.96000000067055224E-011
  0.89499999955296516       1.95000000089406985E-011
  0.89999999944120646       1.94000000111758714E-011
  0.90499999932944775       1.93000000134110443E-011
  0.90999999921768904       1.92000000156462204E-011
  0.91499999910593033       1.91000000178813933E-011
  0.91999999899417162       1.90000000201165695E-011
  0.92499999888241291       1.89000000223517424E-011
  0.92999999988824134       1.88000000022351735E-011
  0.93499999977648263       1.87000000044703497E-011
  0.93999999966472392       1.86000000067055226E-011
  0.94499999955296521       1.85000000089406955E-011
  0.94999999944120650       1.84000000111758716E-011
  0.95499999932944779       1.83000000134110445E-011
  0.95999999921768908       1.82000000156462174E-011
  0.96499999910593037       1.81000000178813935E-011
  0.96999999899417166       1.80000000201165664E-011
  0.97499999888241295       1.79000000223517393E-011
  0.97999999988824127       1.77900000024586949E-011
  0.98499999977648256       1.76800000049173858E-011
  0.98999999966472385       1.75700000073760766E-011
  0.99499999955296514       1.74600000098347674E-011
  0.99999999944120643       1.73500000122934583E-011
   1.0049999993294478       1.72400000147521491E-011
   1.0099999992176891       1.71300000172108400E-011
   1.0149999991059304       1.70200000196695308E-011
   1.0199999989941717       1.69100000221282216E-011
   1.0249999988824130       1.68000000245869125E-011
   1.0299999998882412       1.66800000026822083E-011
   1.0349999997764825       1.65600000053644170E-011
   1.0399999996647238       1.64400000080466258E-011
   1.0449999995529651       1.63200000107288346E-011
   1.0499999994412064       1.62000000134110434E-011
   1.0549999993294477       1.60800000160932554E-011
   1.0599999992176889       1.59600000187754641E-011
   1.0649999991059302       1.58400000214576729E-011
   1.0699999989941715       1.57200000241398817E-011
   1.0749999988824128       1.56000000268220905E-011
   1.0799999998882412       1.54800000026822085E-011
   1.0849999997764825       1.53600000053644173E-011
   1.0899999996647238       1.52400000080466261E-011
   1.0949999995529651       1.51200000107288349E-011
   1.0999999994412064       1.50000000134110436E-011
   1.1049999993294477       1.48800000160932556E-011
   1.1099999992176890       1.47600000187754644E-011
   1.1149999991059303       1.46400000214576732E-011
   1.1199999989941716       1.45200000241398819E-011
   1.1249999988824129       1.44000000268220907E-011
   1.1299999998882413       1.42800000026822088E-011
   1.1349999997764826       1.41600000053644176E-011
   1.1399999996647239       1.40400000080466264E-011
   1.1449999995529652       1.39200000107288367E-011
   1.1499999994412065       1.38000000134110455E-011
   1.1549999993294477       1.36800000160932543E-011
   1.1599999992176890       1.35600000187754631E-011
   1.1649999991059303       1.34400000214576734E-011
   1.1699999989941716       1.33200000241398822E-011
   1.1749999988824129       1.32000000268220910E-011
   1.1799999998882413       1.30700000029057238E-011
   1.1849999997764826       1.29400000058114505E-011
   1.1899999996647239       1.28100000087171772E-011
   1.1949999995529652       1.26800000116229039E-011
   1.1999999994412065       1.25500000145286306E-011
   1.2049999993294478       1.24200000174343573E-011
   1.2099999992176891       1.22900000203400840E-011
   1.2149999991059304       1.21600000232458107E-011
   1.2199999989941717       1.20300000261515358E-011
   1.2249999988824130       1.19000000290572625E-011
   1.2299999998882414       1.17800000026822077E-011
   1.2349999997764827       1.16600000053644165E-011
   1.2399999996647240       1.15400000080466253E-011
   1.2449999995529653       1.14200000107288341E-011
   1.2499999994412065       1.13000000134110428E-011
   1.2549999993294478       1.11800000160932500E-011
   1.2599999992176891       1.10600000187754588E-011
   1.2649999991059304       1.09400000214576675E-011
   1.2699999989941717       1.08200000241398763E-011
   1.2749999988824130       1.07000000268220851E-011
   1.2799999998882412       1.05800000026822096E-011
   1.2849999997764825       1.04600000053644200E-011
   1.2899999996647238       1.03400000080466288E-011
   1.2949999995529651       1.02200000107288376E-011
   1.2999999994412064       1.01000000134110463E-011
   1.3049999993294477       9.98000001609325672E-012
   1.3099999992176889       9.86000001877546549E-012
   1.3149999991059302       9.74000002145767426E-012
   1.3199999989941715       9.62000002413988304E-012
   1.3249999988824128       9.50000002682209343E-012
   1.3299999998882412       9.38600000254809816E-012
   1.3349999997764825       9.27200000509619682E-012
   1.3399999996647238       9.15800000764429548E-012
   1.3449999995529651       9.04400001019239413E-012
   1.3499999994412064       8.93000001274049279E-012
   1.3549999993294477       8.81600001528859145E-012
   1.3599999992176890       8.70200001783669010E-012
   1.3649999991059303       8.58800002038478876E-012
   1.3699999989941716       8.47400002293288742E-012
   1.3749999988824129       8.36000002548098607E-012
   1.3799999998882413       8.25200000241398765E-012
   1.3849999997764826       8.14400000482797620E-012
   1.3899999996647239       8.03600000724196474E-012
   1.3949999995529652       7.92800000965595166E-012
   1.3999999994412065       7.82000001206994020E-012
   1.4049999993294477       7.71200001448392875E-012
   1.4099999992176890       7.60400001689791729E-012
   1.4149999991059303       7.49600001931190421E-012
   1.4199999989941716       7.38800002172589275E-012
   1.4249999988824129       7.28000002413988130E-012
   1.4299999998882413       7.18100000221281900E-012
   1.4349999997764826       7.08200000442564157E-012
   1.4399999996647239       6.98300000663846413E-012
   1.4449999995529652       6.88400000885128669E-012
   1.4499999994412065       6.78500001106410925E-012
   1.4549999993294478       6.68600001327693181E-012
   1.4599999992176891       6.58700001548975437E-012
   1.4649999991059304       6.48800001770257693E-012
   1.4699999989941717       6.38900001991539949E-012
   1.4749999988824130       6.29000002212822205E-012
   1.4799999998882414       6.20100000198930710E-012
   1.4849999997764827       6.11200000397861173E-012
   1.4899999996647240       6.02300000596791635E-012
   1.4949999995529653       5.93400000795722098E-012
   1.4999999994412065       5.84500000994652560E-012
   1.5049999993294478       5.75600001193583023E-012
   1.5099999992176891       5.66700001392513485E-012
   1.5149999991059304       5.57800001591443947E-012
   1.5199999989941717       5.48900001790374410E-012
   1.5249999988824130       5.40000001989304872E-012
   1.5299999998882412       5.32000000178813664E-012
   1.5349999997764825       5.24000000357627609E-012
   1.5399999996647238       5.16000000536441554E-012
   1.5449999995529651       5.08000000715255499E-012
   1.5499999994412064       5.00000000894069444E-012
   1.5549999993294477       4.92000001072883389E-012
   1.5599999992176889       4.84000001251697334E-012
   1.5649999991059302       4.76000001430511279E-012
   1.5699999989941715       4.68000001609325224E-012
   1.5749999988824128       4.60000001788139169E-012
   1.5799999998882412       4.53000000156462211E-012
   1.5849999997764825       4.46000000312924362E-012
   1.5899999996647238       4.39000000469386595E-012
   1.5949999995529651       4.32000000625848746E-012
   1.5999999994412064       4.25000000782310978E-012
   1.6049999993294477       4.18000000938773211E-012
   1.6099999992176890       4.11000001095235362E-012
   1.6149999991059303       4.04000001251697594E-012
   1.6199999989941716       3.97000001408159746E-012
   1.6249999988824129       3.90000001564621978E-012
   1.6299999998882413       3.83900000136345548E-012
   1.6349999997764826       3.77800000272691182E-012
   1.6399999996647239       3.71700000409036816E-012
   1.6449999995529652       3.65600000545382450E-012
   1.6499999994412065       3.59500000681728044E-012
   1.6549999993294477       3.53400000818073678E-012
   1.6599999992176890       3.47300000954419312E-012
   1.6649999991059303       3.41200001090764946E-012
   1.6699999989941716       3.35100001227110580E-012
   1.6749999988824129       3.29000001363456214E-012
   1.6799999998882413       3.23700000118464344E-012
   1.6849999997764826       3.18400000236928576E-012
   1.6899999996647239       3.13100000355392807E-012
   1.6949999995529652       3.07800000473857039E-012
   1.6999999994412065       3.02500000592321270E-012
   1.7049999993294478       2.97200000710785502E-012
   1.7099999992176891       2.91900000829249734E-012
   1.7149999991059304       2.86600000947714006E-012
   1.7199999989941717       2.81300001066178237E-012
   1.7249999988824130       2.76000001184642469E-012
   1.7299999998882414       2.71500000100582824E-012
   1.7349999997764827       2.67000000201165653E-012
   1.7399999996647240       2.62500000301748482E-012
   1.7449999995529653       2.58000000402331271E-012
   1.7499999994412065       2.53500000502914100E-012
   1.7549999993294478       2.49000000603496929E-012
   1.7599999992176891       2.44500000704079758E-012
   1.7649999991059304       2.40000000804662587E-012
   1.7699999989941717       2.35500000905245416E-012
   1.7749999988824130       2.31000001005828244E-012
   1.7799999998882412       2.27200000084936546E-012
   1.7849999997764825       2.23400000169873168E-012
   1.7899999996647238       2.19600000254809790E-012
   1.7949999995529651       2.15800000339746412E-012
   1.7999999994412064       2.12000000424683034E-012
   1.8049999993294477       2.08200000509619656E-012
   1.8099999992176889       2.04400000594556278E-012
   1.8149999991059302       2.00600000679492900E-012
   1.8199999989941715       1.96800000764429522E-012
   1.8249999988824128       1.93000000849366143E-012
   1.8299999998882412       1.89900000069290340E-012
   1.8349999997764825       1.86800000138580754E-012
   1.8399999996647238       1.83700000207871129E-012
   1.8449999995529651       1.80600000277161544E-012
   1.8499999994412064       1.77500000346451938E-012
   1.8549999993294477       1.74400000415742333E-012
   1.8599999992176890       1.71300000485032748E-012
   1.8649999991059303       1.68200000554323142E-012
   1.8699999989941716       1.65100000623613557E-012
   1.8749999988824129       1.62000000692903952E-012
   1.8799999998882413       1.59400000058114535E-012
   1.8849999997764826       1.56800000116229073E-012
   1.8899999996647239       1.54200000174343611E-012
   1.8949999995529652       1.51600000232458129E-012
   1.8999999994412065       1.49000000290572667E-012
   1.9049999993294477       1.46400000348687205E-012
   1.9099999992176890       1.43800000406801723E-012
   1.9149999991059303       1.41200000464916262E-012
   1.9199999989941716       1.38600000523030800E-012
   1.9249999988824129       1.36000000581145318E-012
   1.9299999998882413       1.33800000049173823E-012
   1.9349999997764826       1.31600000098347660E-012
   1.9399999996647239       1.29400000147521477E-012
   1.9449999995529652       1.27200000196695313E-012
   1.9499999994412065       1.25000000245869150E-012
   1.9549999993294478       1.22800000295042987E-012
   1.9599999992176891       1.20600000344216824E-012
   1.9649999991059304       1.18400000393390661E-012
   1.9699999989941717       1.16200000442564478E-012
   1.9749999988824130       1.14000000491738315E-012
   1.9799999998882414       1.12190000040456594E-012
   1.9849999997764827       1.10380000080913249E-012
   1.9899999996647240       1.08570000121369884E-012
   1.9949999995529653       1.06760000161826539E-012
   1.9999999994412065       1.04950000202283174E-012
   2.0049999993294478       1.03140000242739829E-012
   2.0099999992176891       1.01330000283196484E-012
   2.0149999991059304       9.95200003236531192E-013
   2.0199999989941717       9.77100003641097743E-013
   2.0249999988824130       9.59000004045664093E-013
   2.0299999998882412       9.44600000321864977E-013
   2.0349999997764825       9.30200000643730102E-013
   2.0399999996647238       9.15800000965595228E-013
   2.0449999995529651       9.01400001287460353E-013
   2.0499999994412064       8.87000001609325479E-013
   2.0549999993294477       8.72600001931190604E-013
   2.0599999992176889       8.58200002253055729E-013
   2.0649999991059302       8.43800002574920956E-013
   2.0699999989941715       8.29400002896786081E-013
   2.0749999988824128       8.15000003218651206E-013
   2.0799999998882415       8.02800000272691390E-013
   2.0849999997764828       7.90600000545382618E-013
   2.0899999996647241       7.78400000818073745E-013
   2.0949999995529653       7.66200001090764973E-013
   2.0999999994412066       7.54000001363456201E-013
   2.1049999993294479       7.41800001636147429E-013
   2.1099999992176892       7.29600001908838657E-013
   2.1149999991059305       7.17400002181529783E-013
   2.1199999989941718       7.05200002454221011E-013
   2.1249999988824131       6.93000002726912239E-013
   2.1299999998882413       6.83100000221282110E-013
   2.1349999997764826       6.73200000442564346E-013
   2.1399999996647239       6.63300000663846481E-013
   2.1449999995529652       6.53400000885128717E-013
   2.1499999994412065       6.43500001106410953E-013
   2.1549999993294477       6.33600001327693188E-013
   2.1599999992176890       6.23700001548975323E-013
   2.1649999991059303       6.13800001770257559E-013
   2.1699999989941716       6.03900001991539795E-013
   2.1749999988824129       5.94000002212822031E-013
   2.1799999998882411       5.86100000176578622E-013
   2.1849999997764824       5.78200000353157452E-013
   2.1899999996647237       5.70300000529736282E-013
   2.1949999995529650       5.62400000706315113E-013
   2.1999999994412063       5.54500000882893842E-013
   2.2049999993294476       5.46600001059472672E-013
   2.2099999992176889       5.38700001236051503E-013
   2.2149999991059302       5.30800001412630333E-013
   2.2199999989941714       5.22900001589209062E-013
   2.2249999988824127       5.15000001765787893E-013
   2.2299999998882414       5.08300000149756612E-013
   2.2349999997764827       5.01600000299513197E-013
   2.2399999996647240       4.94900000449269883E-013
   2.2449999995529653       4.88200000599026468E-013
   2.2499999994412065       4.81500000748783154E-013
   2.2549999993294478       4.74800000898539841E-013
   2.2599999992176891       4.68100001048296426E-013
   2.2649999991059304       4.61400001198053112E-013
   2.2699999989941717       4.54700001347809747E-013
   2.2749999988824130       4.48000001497566383E-013
   2.2799999998882412       4.42600000120699507E-013
   2.2849999997764825       4.37200000241398955E-013
   2.2899999996647238       4.31800000362098351E-013
   2.2949999995529651       4.26400000482797799E-013
   2.2999999994412064       4.21000000603497246E-013
   2.3049999993294477       4.15600000724196643E-013
   2.3099999992176889       4.10200000844896090E-013
   2.3149999991059302       4.04800000965595537E-013
   2.3199999989941715       3.99400001086294934E-013
   2.3249999988824128       3.94000001206994381E-013
   2.3299999998882415       3.89600000098347631E-013
   2.3349999997764828       3.85200000196695325E-013
   2.3399999996647241       3.80800000295042968E-013
   2.3449999995529653       3.76400000393390612E-013
   2.3499999994412066       3.72000000491738255E-013
   2.3549999993294479       3.67600000590085899E-013
   2.3599999992176892       3.63200000688433543E-013
   2.3649999991059305       3.58800000786781237E-013
   2.3699999989941718       3.54400000885128880E-013
   2.3749999988824131       3.50000000983476524E-013
   2.3799999998882413       3.46500000078231210E-013
   2.3849999997764826       3.43000000156462296E-013
   2.3899999996647239       3.39500000234693382E-013
   2.3949999995529652       3.36000000312924468E-013
   2.3999999994412065       3.32500000391155553E-013
   2.4049999993294477       3.29000000469386589E-013
   2.4099999992176890       3.25500000547617675E-013
   2.4149999991059303       3.22000000625848760E-013
   2.4199999989941716       3.18500000704079846E-013
   2.4249999988824129       3.15000000782310932E-013
   2.4299999998882411       3.12200000062584940E-013
   2.4349999997764824       3.09400000125169859E-013
   2.4399999996647237       3.06600000187754728E-013
   2.4449999995529650       3.03800000250339647E-013
   2.4499999994412063       3.01000000312924516E-013
   2.4549999993294476       2.98200000375509384E-013
   2.4599999992176889       2.95400000438094304E-013
   2.4649999991059302       2.92600000500679172E-013
   2.4699999989941714       2.89800000563264091E-013
   2.4749999988824127       2.87000000625848960E-013
