 0.71890871E-01   0.13500000E+00     0.14685074E+02    0.20570709E+02    0.35255783E+02
 0.10783631E+00   0.20250000E+00     0.12263342E+02    0.16729428E+02    0.28992770E+02
 0.14378174E+00   0.27000000E+00     0.10126303E+02    0.13562635E+02    0.23688937E+02
 0.17972718E+00   0.33750000E+00     0.83184514E+01    0.10991912E+02    0.19310363E+02
 0.21567261E+00   0.40500000E+00     0.68132994E+01    0.89121293E+01    0.15725429E+02
 0.25161805E+00   0.47250000E+00     0.55746997E+01    0.72318069E+01    0.12806507E+02
 0.28756349E+00   0.54000000E+00     0.45544608E+01    0.58750918E+01    0.10429553E+02
 0.32350892E+00   0.60750000E+00     0.37211095E+01    0.47790987E+01    0.85002082E+01
 0.35945436E+00   0.67500001E+00     0.30415808E+01    0.39071484E+01    0.69487292E+01
 0.39539979E+00   0.74250001E+00     0.24869212E+01    0.31742920E+01    0.56612132E+01
 0.43134523E+00   0.81000001E+00     0.20339025E+01    0.25910176E+01    0.46249202E+01
 0.46729067E+00   0.87750001E+00     0.16635812E+01    0.21165520E+01    0.37801332E+01
 0.50323610E+00   0.94500001E+00     0.13606395E+01    0.17294659E+01    0.30901054E+01
 0.53918154E+00   0.10125000E+01     0.11127703E+01    0.14138012E+01    0.25265714E+01
 0.57512697E+00   0.10800000E+01     0.90992339E+00    0.11560114E+01    0.20659348E+01
 0.61107241E+00   0.11475000E+01     0.74382626E+00    0.94520182E+00    0.16890281E+01
 0.64701785E+00   0.12150000E+01     0.60770022E+00    0.77261344E+00    0.13803137E+01
 0.68296328E+00   0.12825000E+01     0.49611579E+00    0.63119757E+00    0.11273134E+01
 0.71890872E+00   0.13500000E+01     0.40463837E+00    0.51532970E+00    0.91996807E+00
 0.75485415E+00   0.14175000E+01     0.32967883E+00    0.42028259E+00    0.74996142E+00
 0.79079959E+00   0.14850000E+01     0.26828718E+00    0.34244011E+00    0.61072728E+00
 0.82674503E+00   0.15525000E+01     0.21804111E+00    0.27868740E+00    0.49672851E+00
 0.86269046E+00   0.16200000E+01     0.17698586E+00    0.22653634E+00    0.40352220E+00
 0.89863590E+00   0.16875000E+01     0.14346241E+00    0.18392321E+00    0.32738562E+00
 0.93458133E+00   0.17550000E+01     0.11614557E+00    0.14915093E+00    0.26529651E+00
 0.97052677E+00   0.18225000E+01     0.93919817E-01    0.12081505E+00    0.21473487E+00
 0.10064722E+01   0.18900000E+01     0.75851966E-01    0.97775464E-01    0.17362743E+00
 0.10424176E+01   0.19575000E+01     0.61214672E-01    0.79032052E-01    0.14024672E+00
 0.10783631E+01   0.20250000E+01     0.49350077E-01    0.63844374E-01    0.11319445E+00
 0.11143085E+01   0.20925000E+01     0.39765758E-01    0.51547940E-01    0.91313698E-01
 0.11502540E+01   0.21600000E+01     0.32031322E-01    0.41617990E-01    0.73649312E-01
 0.11861994E+01   0.22275000E+01     0.25795231E-01    0.33572487E-01    0.59367718E-01
 0.12221448E+01   0.22950000E+01     0.20768979E-01    0.27089218E-01    0.47858196E-01
 0.12580903E+01   0.23625000E+01     0.16723697E-01    0.21875050E-01    0.38598747E-01
 0.12940357E+01   0.24300000E+01     0.13470261E-01    0.17666856E-01    0.31137117E-01
 0.13299811E+01   0.24975000E+01     0.10852815E-01    0.14248124E-01    0.25100939E-01
 0.13659266E+01   0.25650000E+01     0.87484588E-02    0.11539604E-01    0.20288063E-01
 0.14018720E+01   0.26325000E+01     0.70583469E-02    0.93033239E-02    0.16361671E-01
 0.14378174E+01   0.27000000E+01     0.56947674E-02    0.75235677E-02    0.13218335E-01
 0.14737629E+01   0.27675000E+01     0.45980294E-02    0.60874133E-02    0.10685443E-01
 0.15097083E+01   0.28350000E+01     0.37133578E-02    0.49313767E-02    0.86447345E-02
 0.15456537E+01   0.29025000E+01     0.29979657E-02    0.39864056E-02    0.69843713E-02
 0.15815992E+01   0.29700000E+01     0.24222767E-02    0.32285553E-02    0.56508320E-02
 0.16175446E+01   0.30375000E+01     0.19502576E-02    0.26031001E-02    0.45533577E-02
 0.16534901E+01   0.31050000E+01     0.15703591E-02    0.23897928E-02    0.39601519E-02
 0.16894355E+01   0.31725000E+01     0.12613866E-02    0.16888550E-02    0.29502416E-02
 0.17253809E+01   0.32400000E+01     0.10089064E-02    0.13531592E-02    0.23620656E-02
 0.17613264E+01   0.33075000E+01     0.80327335E-03    0.10782384E-02    0.18815117E-02
 0.17972718E+01   0.33750000E+01     0.63493508E-03    0.85311490E-03    0.14880500E-02
 0.18332172E+01   0.34425000E+01     0.50073304E-03    0.66836298E-03    0.11690960E-02
 0.18691627E+01   0.35100000E+01     0.38363937E-03    0.51593873E-03    0.89957810E-03
 0.19051081E+01   0.35775000E+01     0.29047958E-03    0.39095674E-03    0.68143632E-03
 0.19410535E+01   0.36450000E+01     0.21414592E-03    0.28769938E-03    0.50184531E-03
 0.19769990E+01   0.37125000E+01     0.15162603E-03    0.50803895E-03    0.65966497E-03
