25 8.8262831e-05
75 0.00033277263
125 0.00043199061
175 0.00051862183
225 0.00064410111
275 0.000707035
325 0.00075598358
375 0.00079444317
425 0.00083950694
475 0.0008705854
525 0.00088534767
575 0.00089039792
625 0.00088379375
675 0.00087524717
725 0.00086009642
775 0.00083756454
825 0.00080726304
875 0.00077385369
925 0.00073578258
975 0.00069499209
1025 0.00065148225
1075 0.00060525304
1125 0.00055902383
1175 0.00051201765
1225 0.00046345756
1275 0.00041528594
1325 0.00036917327
1375 0.00032461453
1425 0.0002827363
1475 0.0002444321
1525 0.00020962422
1575 0.00017874
1625 0.0001515852
1675 0.00012761593
1725 0.00010722069
1775 8.9816754e-05
1825 7.5054484e-05
1875 6.2778492e-05
1925 5.2639144e-05
1975 4.4209111e-05
2025 3.7251421e-05
2075 3.1661183e-05
2125 2.6913948e-05
2175 2.3064103e-05
2225 1.9995105e-05
2275 1.7396169e-05
2325 1.5286718e-05
2375 1.3596827e-05
2425 1.2237144e-05
2475 1.1137744e-05
2525 1.0158772e-05
2575 9.3585017e-06
2625 8.8301679e-06
2675 8.1969442e-06
2725 7.7501913e-06
2775 7.4588308e-06
2825 7.0509259e-06
2875 6.7051781e-06
2925 6.4682048e-06
2975 6.2195771e-06
3025 6.0369911e-06
